Unii-24P4O1J71F
     RDKit          2D

 39 42  0  0  0  0  0  0  0  0999 V2000
    6.5260   -1.2990    0.0000 C   0  0  0  0  0  0  0  0  0  0  0  0
    5.0260   -1.2990    0.0000 C   0  0  0  0  0  0  0  0  0  0  0  0
    4.2760    0.0000    0.0000 N   0  0  0  0  0  0  0  0  0  0  0  0
    2.7760    0.0000    0.0000 S   0  0  0  0  0  0  0  0  0  0  0  0
    2.7760    1.5000    0.0000 O   0  0  0  0  0  0  0  0  0  0  0  0
    2.7760   -1.5000    0.0000 O   0  0  0  0  0  0  0  0  0  0  0  0
    1.2760    0.0000    0.0000 C   0  0  0  0  0  0  0  0  0  0  0  0
    0.3943    1.2135    0.0000 C   0  0  0  0  0  0  0  0  0  0  0  0
   -1.0323    0.7500    0.0000 N   0  0  0  0  0  0  0  0  0  0  0  0
   -1.0323   -0.7500    0.0000 C   0  0  0  0  0  0  0  0  0  0  0  0
    0.3943   -1.2135    0.0000 N   0  0  0  0  0  0  0  0  0  0  0  0
    0.3943   -2.7135    0.0000 C   0  0  0  0  0  0  0  0  0  0  0  0
    1.8861   -2.5567    0.0000 C   0  0  0  0  0  0  0  0  0  0  0  0
    0.7062   -4.1807    0.0000 C   0  0  0  0  0  0  0  0  0  0  0  0
   -0.4086   -5.1844    0.0000 C   0  0  0  0  0  0  0  0  0  0  0  0
   -0.0967   -6.6517    0.0000 C   0  0  0  0  0  0  0  0  0  0  0  0
   -1.2114   -7.6554    0.0000 C   0  0  0  0  0  0  0  0  0  0  0  0
   -2.6380   -7.1918    0.0000 C   0  0  0  0  0  0  0  0  0  0  0  0
   -3.7527   -8.1955    0.0000 O   0  0  0  0  0  0  0  0  0  0  0  0
   -3.4408   -9.6628    0.0000 C   0  0  0  0  0  0  0  0  0  0  0  0
   -3.1290  -11.1300    0.0000 F   0  0  0  0  0  0  0  0  0  0  0  0
   -4.9081   -9.9746    0.0000 F   0  0  0  0  0  0  0  0  0  0  0  0
   -1.9736   -9.3509    0.0000 F   0  0  0  0  0  0  0  0  0  0  0  0
   -2.9499   -5.7246    0.0000 C   0  0  0  0  0  0  0  0  0  0  0  0
   -1.8351   -4.7209    0.0000 C   0  0  0  0  0  0  0  0  0  0  0  0
   -1.0323   -3.1771    0.0000 C   0  0  0  0  0  0  0  0  0  0  0  0
   -1.5017   -3.9282    0.0000 O   0  0  0  0  0  0  0  0  0  0  0  0
   -1.9140   -1.9635    0.0000 N   0  0  0  0  0  0  0  0  0  0  0  0
   -3.4140   -1.9635    0.0000 C   0  0  0  0  0  0  0  0  0  0  0  0
   -4.1640   -0.6645    0.0000 C   0  0  0  0  0  0  0  0  0  0  0  0
   -5.6640   -0.6645    0.0000 C   0  0  0  0  0  0  0  0  0  0  0  0
   -6.4140    0.6346    0.0000 Cl  0  0  0  0  0  0  0  0  0  0  0  0
   -6.4140   -1.9635    0.0000 C   0  0  0  0  0  0  0  0  0  0  0  0
   -5.6640   -3.2626    0.0000 C   0  0  0  0  0  0  0  0  0  0  0  0
   -6.4140   -4.5616    0.0000 Cl  0  0  0  0  0  0  0  0  0  0  0  0
   -4.1640   -3.2626    0.0000 C   0  0  0  0  0  0  0  0  0  0  0  0
    4.2760   -2.5981    0.0000 C   0  0  0  0  0  0  0  0  0  0  0  0
    5.0260   -3.8971    0.0000 N   0  0  0  0  0  0  0  0  0  0  0  0
    2.7760   -2.5981    0.0000 O   0  0  0  0  0  0  0  0  0  0  0  0
  1  2  1  0
  2  3  1  0
  3  4  1  0
  4  5  2  0
  4  6  2  0
  4  7  1  0
  7  8  2  0
  8  9  1  0
  9 10  2  0
 10 11  1  0
 11 12  1  0
 12 13  1  0
 12 14  1  0
 14 15  1  0
 15 16  2  0
 16 17  1  0
 17 18  2  0
 18 19  1  0
 19 20  1  0
 20 21  1  0
 20 22  1  0
 20 23  1  0
 18 24  1  0
 24 25  2  0
 12 26  1  0
 26 27  2  0
 26 28  1  0
 28 29  1  0
 29 30  2  0
 30 31  1  0
 31 32  1  0
 31 33  2  0
 33 34  1  0
 34 35  1  0
 34 36  2  0
  2 37  1  0
 37 38  1  0
 37 39  2  0
 11  7  1  0
 25 15  1  0
 36 29  1  0
 28 10  1  0
M  END
$$$$