DRINABANT
     RDKit          2D

 32 35  0  0  0  0  0  0  0  0999 V2000
    4.5000   -2.5981    0.0000 C   0  0  0  0  0  0  0  0  0  0  0  0
    3.0000   -2.5981    0.0000 S   0  0  0  0  0  0  0  0  0  0  0  0
    3.0000   -1.0981    0.0000 O   0  0  0  0  0  0  0  0  0  0  0  0
    3.0000   -4.0981    0.0000 O   0  0  0  0  0  0  0  0  0  0  0  0
    1.5000   -2.5981    0.0000 N   0  0  0  0  0  0  0  0  0  0  0  0
    0.7500   -1.2990    0.0000 C   0  0  0  0  0  0  0  0  0  0  0  0
    1.5000    0.0000    0.0000 C   0  0  0  0  0  0  0  0  0  0  0  0
    0.7500    1.2990    0.0000 C   0  0  0  0  0  0  0  0  0  0  0  0
    1.5000    2.5981    0.0000 F   0  0  0  0  0  0  0  0  0  0  0  0
   -0.7500    1.2990    0.0000 C   0  0  0  0  0  0  0  0  0  0  0  0
   -1.5000    0.0000    0.0000 C   0  0  0  0  0  0  0  0  0  0  0  0
   -3.0000    0.0000    0.0000 F   0  0  0  0  0  0  0  0  0  0  0  0
   -0.7500   -1.2990    0.0000 C   0  0  0  0  0  0  0  0  0  0  0  0
    0.7500   -3.8971    0.0000 C   0  0  0  0  0  0  0  0  0  0  0  0
   -0.6989   -4.2853    0.0000 C   0  0  0  0  0  0  0  0  0  0  0  0
   -0.3107   -5.7342    0.0000 N   0  0  0  0  0  0  0  0  0  0  0  0
   -1.0607   -7.0333    0.0000 C   0  0  0  0  0  0  0  0  0  0  0  0
   -2.5607   -7.0333    0.0000 C   0  0  0  0  0  0  0  0  0  0  0  0
   -3.3107   -5.7342    0.0000 C   0  0  0  0  0  0  0  0  0  0  0  0
   -4.8107   -5.7342    0.0000 C   0  0  0  0  0  0  0  0  0  0  0  0
   -5.5607   -7.0333    0.0000 C   0  0  0  0  0  0  0  0  0  0  0  0
   -7.0607   -7.0333    0.0000 Cl  0  0  0  0  0  0  0  0  0  0  0  0
   -4.8107   -8.3323    0.0000 C   0  0  0  0  0  0  0  0  0  0  0  0
   -3.3107   -8.3323    0.0000 C   0  0  0  0  0  0  0  0  0  0  0  0
   -0.3107   -8.3323    0.0000 C   0  0  0  0  0  0  0  0  0  0  0  0
   -1.0607   -9.6313    0.0000 C   0  0  0  0  0  0  0  0  0  0  0  0
   -0.3107  -10.9304    0.0000 C   0  0  0  0  0  0  0  0  0  0  0  0
    1.1893  -10.9304    0.0000 C   0  0  0  0  0  0  0  0  0  0  0  0
    1.9393  -12.2294    0.0000 Cl  0  0  0  0  0  0  0  0  0  0  0  0
    1.9393   -9.6313    0.0000 C   0  0  0  0  0  0  0  0  0  0  0  0
    1.1893   -8.3323    0.0000 C   0  0  0  0  0  0  0  0  0  0  0  0
    1.1382   -5.3460    0.0000 C   0  0  0  0  0  0  0  0  0  0  0  0
  1  2  1  0
  2  3  2  0
  2  4  2  0
  2  5  1  0
  5  6  1  0
  6  7  2  0
  7  8  1  0
  8  9  1  0
  8 10  2  0
 10 11  1  0
 11 12  1  0
 11 13  2  0
  5 14  1  0
 14 15  1  0
 15 16  1  0
 16 17  1  0
 17 18  1  0
 18 19  2  0
 19 20  1  0
 20 21  2  0
 21 22  1  0
 21 23  1  0
 23 24  2  0
 17 25  1  0
 25 26  2  0
 26 27  1  0
 27 28  2  0
 28 29  1  0
 28 30  1  0
 30 31  2  0
 16 32  1  0
 13  6  1  0
 32 14  1  0
 24 18  1  0
 31 25  1  0
M  END
$$$$