MEPPEP
     RDKit          2D

 33 36  0  0  0  0  0  0  0  0999 V2000
    3.7500   -1.2990    0.0000 C   0  0  0  0  0  0  0  0  0  0  0  0
    3.0000    0.0000    0.0000 O   0  0  0  0  0  0  0  0  0  0  0  0
    1.5000    0.0000    0.0000 C   0  0  0  0  0  0  0  0  0  0  0  0
    0.7500   -1.2990    0.0000 C   0  0  0  0  0  0  0  0  0  0  0  0
   -0.7500   -1.2990    0.0000 C   0  0  0  0  0  0  0  0  0  0  0  0
   -1.5000    0.0000    0.0000 C   0  0  0  0  0  0  0  0  0  0  0  0
   -0.7500    1.2990    0.0000 C   0  0  0  0  0  0  0  0  0  0  0  0
   -1.5000    2.5981    0.0000 C   0  0  0  0  0  0  0  0  0  0  0  0
   -2.9918    2.7549    0.0000 C   0  0  0  0  0  0  0  0  0  0  0  0
   -3.3037    4.2221    0.0000 C   0  0  0  0  0  0  0  0  0  0  0  0
   -4.6740    4.8322    0.0000 N   0  0  0  0  0  0  0  0  0  0  0  0
   -5.8875    3.9505    0.0000 C   0  0  0  0  0  0  0  0  0  0  0  0
   -7.2578    4.5606    0.0000 C   0  0  0  0  0  0  0  0  0  0  0  0
   -5.7307    2.4587    0.0000 C   0  0  0  0  0  0  0  0  0  0  0  0
   -4.3604    1.8486    0.0000 C   0  0  0  0  0  0  0  0  0  0  0  0
   -4.2036    0.3568    0.0000 C   0  0  0  0  0  0  0  0  0  0  0  0
   -5.4171   -0.5248    0.0000 C   0  0  0  0  0  0  0  0  0  0  0  0
   -6.7874    0.0853    0.0000 C   0  0  0  0  0  0  0  0  0  0  0  0
   -6.9442    1.5771    0.0000 C   0  0  0  0  0  0  0  0  0  0  0  0
   -2.0046    4.9721    0.0000 C   0  0  0  0  0  0  0  0  0  0  0  0
   -1.8478    6.4639    0.0000 O   0  0  0  0  0  0  0  0  0  0  0  0
   -0.8899    3.9684    0.0000 N   0  0  0  0  0  0  0  0  0  0  0  0
    0.5773    4.2803    0.0000 C   0  0  0  0  0  0  0  0  0  0  0  0
    1.5810    3.1655    0.0000 C   0  0  0  0  0  0  0  0  0  0  0  0
    3.0482    3.4774    0.0000 C   0  0  0  0  0  0  0  0  0  0  0  0
    3.5118    4.9040    0.0000 C   0  0  0  0  0  0  0  0  0  0  0  0
    4.9790    5.2159    0.0000 C   0  0  0  0  0  0  0  0  0  0  0  0
    6.4462    5.5277    0.0000 F   0  0  0  0  0  0  0  0  0  0  0  0
    5.2909    3.7486    0.0000 F   0  0  0  0  0  0  0  0  0  0  0  0
    4.6671    6.6831    0.0000 F   0  0  0  0  0  0  0  0  0  0  0  0
    2.5081    6.0187    0.0000 C   0  0  0  0  0  0  0  0  0  0  0  0
    1.0409    5.7068    0.0000 C   0  0  0  0  0  0  0  0  0  0  0  0
    0.7500    1.2990    0.0000 C   0  0  0  0  0  0  0  0  0  0  0  0
  1  2  1  0
  2  3  1  0
  3  4  2  0
  4  5  1  0
  5  6  2  0
  6  7  1  0
  8  7  1  1
  8  9  1  0
  9 10  1  0
 10 11  1  1
 11 12  1  0
 12 13  1  1
 12 14  1  0
 14 15  2  0
 15 16  1  0
 16 17  2  0
 17 18  1  0
 18 19  2  0
 10 20  1  0
 20 21  2  0
 20 22  1  0
 22 23  1  0
 23 24  2  0
 24 25  1  0
 25 26  2  0
 26 27  1  0
 27 28  1  0
 27 29  1  0
 27 30  1  0
 26 31  1  0
 31 32  2  0
  7 33  2  0
 33  3  1  0
 22  8  1  0
 32 23  1  0
 19 14  1  0
M  END
$$$$