OTENABANT
     RDKit          2D

 35 39  0  0  0  0  0  0  0  0999 V2000
    1.0695   -8.6636    0.0000 C   0  0  0  0  0  0  0  0  0  0  0  0
    1.3300   -7.1864    0.0000 C   0  0  0  0  0  0  0  0  0  0  0  0
    2.7395   -6.6734    0.0000 N   0  0  0  0  0  0  0  0  0  0  0  0
    3.0000   -5.1962    0.0000 C   0  0  0  0  0  0  0  0  0  0  0  0
    4.4095   -5.7092    0.0000 C   0  0  0  0  0  0  0  0  0  0  0  0
    4.6700   -7.1864    0.0000 N   0  0  0  0  0  0  0  0  0  0  0  0
    5.5586   -4.7450    0.0000 O   0  0  0  0  0  0  0  0  0  0  0  0
    1.5000   -5.1962    0.0000 C   0  0  0  0  0  0  0  0  0  0  0  0
    0.7500   -3.8971    0.0000 C   0  0  0  0  0  0  0  0  0  0  0  0
    1.5000   -2.5981    0.0000 N   0  0  0  0  0  0  0  0  0  0  0  0
    0.7500   -1.2990    0.0000 C   0  0  0  0  0  0  0  0  0  0  0  0
    1.5000    0.0000    0.0000 N   0  0  0  0  0  0  0  0  0  0  0  0
    0.7500    1.2990    0.0000 C   0  0  0  0  0  0  0  0  0  0  0  0
   -0.7500    1.2990    0.0000 N   0  0  0  0  0  0  0  0  0  0  0  0
   -1.5000    0.0000    0.0000 C   0  0  0  0  0  0  0  0  0  0  0  0
   -0.7500   -1.2990    0.0000 C   0  0  0  0  0  0  0  0  0  0  0  0
   -1.7537   -2.4138    0.0000 N   0  0  0  0  0  0  0  0  0  0  0  0
   -3.1240   -1.8037    0.0000 C   0  0  0  0  0  0  0  0  0  0  0  0
   -4.4231   -2.5537    0.0000 C   0  0  0  0  0  0  0  0  0  0  0  0
   -5.7221   -1.8037    0.0000 C   0  0  0  0  0  0  0  0  0  0  0  0
   -7.0211   -2.5537    0.0000 C   0  0  0  0  0  0  0  0  0  0  0  0
   -7.0211   -4.0537    0.0000 C   0  0  0  0  0  0  0  0  0  0  0  0
   -5.7221   -4.8037    0.0000 C   0  0  0  0  0  0  0  0  0  0  0  0
   -4.4231   -4.0537    0.0000 C   0  0  0  0  0  0  0  0  0  0  0  0
   -3.1240   -4.8037    0.0000 Cl  0  0  0  0  0  0  0  0  0  0  0  0
   -2.9672   -0.3119    0.0000 N   0  0  0  0  0  0  0  0  0  0  0  0
   -4.0819    0.6918    0.0000 C   0  0  0  0  0  0  0  0  0  0  0  0
   -3.7701    2.1590    0.0000 C   0  0  0  0  0  0  0  0  0  0  0  0
   -4.8848    3.1627    0.0000 C   0  0  0  0  0  0  0  0  0  0  0  0
   -6.3114    2.6992    0.0000 C   0  0  0  0  0  0  0  0  0  0  0  0
   -7.4261    3.7029    0.0000 Cl  0  0  0  0  0  0  0  0  0  0  0  0
   -6.6232    1.2320    0.0000 C   0  0  0  0  0  0  0  0  0  0  0  0
   -5.5085    0.2283    0.0000 C   0  0  0  0  0  0  0  0  0  0  0  0
    3.0000   -2.5981    0.0000 C   0  0  0  0  0  0  0  0  0  0  0  0
    3.7500   -3.8971    0.0000 C   0  0  0  0  0  0  0  0  0  0  0  0
  1  2  1  0
  2  3  1  0
  3  4  1  0
  4  5  1  0
  5  6  1  0
  5  7  2  0
  4  8  1  0
  8  9  1  0
  9 10  1  0
 10 11  1  0
 11 12  2  0
 12 13  1  0
 13 14  2  0
 14 15  1  0
 15 16  2  0
 16 17  1  0
 17 18  2  0
 18 19  1  0
 19 20  2  0
 20 21  1  0
 21 22  2  0
 22 23  1  0
 23 24  2  0
 24 25  1  0
 18 26  1  0
 26 27  1  0
 27 28  2  0
 28 29  1  0
 29 30  2  0
 30 31  1  0
 30 32  1  0
 32 33  2  0
 10 34  1  0
 34 35  1  0
 35  4  1  0
 16 11  1  0
 24 19  1  0
 33 27  1  0
 26 15  1  0
M  END
$$$$